      MDL_EPSILON = 1.000000D-02
      MDL_LAMBDA = 2.000000D+05
      MDL_CS = 1.000000D+00
      MDL_CPS = 0.000000D+00
      MDL_CV = 0.000000D+00
      MDL_CAV = 0.000000D+00
      MDL_CT = 0.000000D+00
      MDL_TDIP = 0.000000D+00
      MDL_TCON = 1.000000D+00
      MDL_AEM = 7.299270D-03
      MDL_GF = 1.166000D-05
      MDL_ME = 5.110000D-04
      MDL_MMU = 1.056600D-01
      MDL_MTA = 1.777000D+00
      MDL_MCHI1 = 9.000000D-01
      MDL_MCHI2 = 1.020000D+00
      MDL_MP = 9.382700D-01
      MDL_MAP = 2.000000D-02
      MDL_WCHI2 = 1.000000D-03
      MDL_WAP = 1.000000D-01
